100
100000000
200
50
0.001
5
Sun
1.988544E+30   5.575178200054440E+08  1.974507864412199E+08 -2.407257454469815E+07    1.711835190860294E+00  1.187313883363230E+01 -5.395526732867618E-02
Mercury
3.302E+23   5.237897542625037E+10 -2.590870177280271E+10 -6.911537399280713E+09    1.239041167841624E+04  4.573272798300457E+04  2.599218786457435E+03
Venus
48.685E+23  -1.033002035683126E+11  2.758825361413066E+10  6.344711631879818E+9   -9.102558223876787E+03 -3.400999907554679E+04  5.886379170062916E+01
Earth
5.97219E+24    6.867949141594125E+09  1.472468583501146E+11 -2.927267850465328E+07  -3.024106404823104E+04  1.165910218958349E+03  1.107684356211280E-00
Mars
6.4185E+23  -2.432530364192748E+11  4.832103924856914E+10  6.968094841447074E+09   -3.785277832269146E+03 -2.168988066055586E+04 -3.618699326023513E+02
